p[0.130, -0.428, 0.2, 2.1, 2.25, 0]
p[0.126, -0.430, 0.2, 2.1, 2.25, 0]
p[0.122, -0.433, 0.2, 2.1, 2.25, 0]
p[0.118, -0.435, 0.2, 2.1, 2.25, 0]
p[0.114, -0.439, 0.2, 2.1, 2.25, 0]
p[0.111, -0.443, 0.2, 2.1, 2.25, 0]
p[0.110, -0.447, 0.2, 2.1, 2.25, 0]
p[0.108, -0.451, 0.2, 2.1, 2.25, 0]
p[0.106, -0.456, 0.2, 2.1, 2.25, 0]
p[0.106, -0.467, 0.2, 2.1, 2.25, 0]
p[0.107, -0.472, 0.2, 2.1, 2.25, 0]
p[0.109, -0.478, 0.2, 2.1, 2.25, 0]
p[0.112, -0.482, 0.2, 2.1, 2.25, 0]
p[0.114, -0.486, 0.2, 2.1, 2.25, 0]
p[0.118, -0.490, 0.2, 2.1, 2.25, 0]
p[0.121, -0.492, 0.2, 2.1, 2.25, 0]
p[0.125, -0.494, 0.2, 2.1, 2.25, 0]
p[0.130, -0.497, 0.2, 2.1, 2.25, 0]
p[0.130, -0.498, 0.2, 2.1, 2.25, 0]
p[0.132, -0.502, 0.2, 2.1, 2.25, 0]
p[0.134, -0.506, 0.2, 2.1, 2.25, 0]
p[0.136, -0.511, 0.2, 2.1, 2.25, 0]
p[0.138, -0.515, 0.2, 2.1, 2.25, 0]
p[0.138, -0.520, 0.2, 2.1, 2.25, 0]
p[0.139, -0.525, 0.2, 2.1, 2.25, 0]
p[0.140, -0.530, 0.2, 2.1, 2.25, 0]
p[0.140, -0.534, 0.2, 2.1, 2.25, 0]
p[0.140, -0.538, 0.2, 2.1, 2.25, 0]
p[0.139, -0.543, 0.2, 2.1, 2.25, 0]
p[0.138, -0.548, 0.2, 2.1, 2.25, 0]
p[0.138, -0.552, 0.2, 2.1, 2.25, 0]
p[0.135, -0.558, 0.2, 2.1, 2.25, 0]
p[0.132, -0.565, 0.2, 2.1, 2.25, 0]
p[0.129, -0.570, 0.2, 2.1, 2.25, 0]
p[0.126, -0.574, 0.2, 2.1, 2.25, 0]
p[0.122, -0.578, 0.2, 2.1, 2.25, 0]
p[0.118, -0.582, 0.2, 2.1, 2.25, 0]
p[0.114, -0.585, 0.2, 2.1, 2.25, 0]
p[0.110, -0.588, 0.2, 2.1, 2.25, 0]
p[0.105, -0.590, 0.2, 2.1, 2.25, 0]
p[0.100, -0.593, 0.2, 2.1, 2.25, 0]
p[0.094, -0.594, 0.2, 2.1, 2.25, 0]
p[0.090, -0.595, 0.2, 2.1, 2.25, 0]
p[0.084, -0.597, 0.2, 2.1, 2.25, 0]
p[0.080, -0.597, 0.2, 2.1, 2.25, 0]
p[0.076, -0.597, 0.2, 2.1, 2.25, 0]
p[0.072, -0.597, 0.2, 2.1, 2.25, 0]
p[0.066, -0.596, 0.2, 2.1, 2.25, 0]
p[0.062, -0.595, 0.2, 2.1, 2.25, 0]
p[0.056, -0.594, 0.2, 2.1, 2.25, 0]
p[0.052, -0.592, 0.2, 2.1, 2.25, 0]
p[0.047, -0.590, 0.2, 2.1, 2.25, 0]
p[0.043, -0.587, 0.2, 2.1, 2.25, 0]
p[0.039, -0.585, 0.2, 2.1, 2.25, 0]
p[0.035, -0.582, 0.2, 2.1, 2.25, 0]
p[0.032, -0.578, 0.2, 2.1, 2.25, 0]
p[0.029, -0.575, 0.2, 2.1, 2.25, 0]
p[0.026, -0.571, 0.2, 2.1, 2.25, 0]
p[0.023, -0.567, 0.2, 2.1, 2.25, 0]
p[0.021, -0.562, 0.2, 2.1, 2.25, 0]
p[0.018, -0.558, 0.2, 2.1, 2.25, 0]
p[0.017, -0.554, 0.2, 2.1, 2.25, 0]
p[0.015, -0.548, 0.2, 2.1, 2.25, 0]
p[0.014, -0.543, 0.2, 2.1, 2.25, 0]
p[0.014, -0.538, 0.2, 2.1, 2.25, 0]
p[0.014, -0.534, 0.2, 2.1, 2.25, 0]
p[0.014, -0.530, 0.2, 2.1, 2.25, 0]
p[0.014, -0.523, 0.2, 2.1, 2.25, 0]
p[0.016, -0.518, 0.2, 2.1, 2.25, 0]
p[0.017, -0.514, 0.2, 2.1, 2.25, 0]
p[0.018, -0.510, 0.2, 2.1, 2.25, 0]
p[0.018, -0.501, 0.2, 2.1, 2.25, 0]
p[0.023, -0.498, 0.2, 2.1, 2.25, 0]
p[0.026, -0.494, 0.2, 2.1, 2.25, 0]
p[0.029, -0.492, 0.2, 2.1, 2.25, 0]
p[0.032, -0.488, 0.2, 2.1, 2.25, 0]
p[0.035, -0.482, 0.2, 2.1, 2.25, 0]
p[0.037, -0.478, 0.2, 2.1, 2.25, 0]
p[0.038, -0.474, 0.2, 2.1, 2.25, 0]
p[0.038, -0.465, 0.2, 2.1, 2.25, 0]
p[0.037, -0.460, 0.2, 2.1, 2.25, 0]
p[0.035, -0.454, 0.2, 2.1, 2.25, 0]
p[0.034, -0.450, 0.2, 2.1, 2.25, 0]
p[0.030, -0.446, 0.2, 2.1, 2.25, 0]
p[0.026, -0.442, 0.2, 2.1, 2.25, 0]
p[0.022, -0.438, 0.2, 2.1, 2.25, 0]
p[0.018, -0.436, 0.2, 2.1, 2.25, 0]
p[0.014, -0.434, 0.2, 2.1, 2.25, 0]
p[0.010, -0.433, 0.2, 2.1, 2.25, 0]
p[0.004, -0.432, 0.2, 2.1, 2.25, 0]
p[0.000, -0.432, 0.2, 2.1, 2.25, 0]
p[-0.004, -0.432, 0.2, 2.1, 2.25, 0]
p[-0.010, -0.434, 0.2, 2.1, 2.25, 0]
p[-0.014, -0.435, 0.2, 2.1, 2.25, 0]
p[-0.019, -0.438, 0.2, 2.1, 2.25, 0]
p[-0.022, -0.441, 0.2, 2.1, 2.25, 0]
p[-0.026, -0.445, 0.2, 2.1, 2.25, 0]
p[-0.030, -0.449, 0.2, 2.1, 2.25, 0]
p[-0.031, -0.453, 0.2, 2.1, 2.25, 0]
p[-0.033, -0.457, 0.2, 2.1, 2.25, 0]
p[-0.034, -0.462, 0.2, 2.1, 2.25, 0]
p[-0.034, -0.474, 0.2, 2.1, 2.25, 0]
p[-0.034, -0.478, 0.2, 2.1, 2.25, 0]
p[-0.031, -0.484, 0.2, 2.1, 2.25, 0]
p[-0.029, -0.489, 0.2, 2.1, 2.25, 0]
p[-0.026, -0.492, 0.2, 2.1, 2.25, 0]
p[-0.022, -0.495, 0.2, 2.1, 2.25, 0]
p[-0.019, -0.498, 0.2, 2.1, 2.25, 0]
p[-0.015, -0.501, 0.2, 2.1, 2.25, 0]
p[-0.010, -0.502, 0.2, 2.1, 2.25, 0]
p[-0.006, -0.504, 0.2, 2.1, 2.25, 0]
p[0.000, -0.505, 0.2, 2.1, 2.25, 0]
p[0.004, -0.505, 0.2, 2.1, 2.25, 0]
p[0.010, -0.504, 0.2, 2.1, 2.25, 0]
p[0.039, -0.483, 0.2, 2.1, 2.25, 0]
p[0.043, -0.480, 0.2, 2.1, 2.25, 0]
p[0.048, -0.478, 0.2, 2.1, 2.25, 0]
p[0.054, -0.475, 0.2, 2.1, 2.25, 0]
p[0.058, -0.474, 0.2, 2.1, 2.25, 0]
p[0.062, -0.472, 0.2, 2.1, 2.25, 0]
p[0.067, -0.471, 0.2, 2.1, 2.25, 0]
p[0.074, -0.470, 0.2, 2.1, 2.25, 0]
p[0.078, -0.470, 0.2, 2.1, 2.25, 0]
p[0.084, -0.471, 0.2, 2.1, 2.25, 0]
p[0.089, -0.472, 0.2, 2.1, 2.25, 0]
p[0.094, -0.473, 0.2, 2.1, 2.25, 0]
p[0.099, -0.474, 0.2, 2.1, 2.25, 0]
p[0.104, -0.477, 0.2, 2.1, 2.25, 0]
p[0.093, -0.505, 0.2, 2.1, 2.25, 0]
p[0.089, -0.506, 0.2, 2.1, 2.25, 0]
p[0.086, -0.509, 0.2, 2.1, 2.25, 0]
p[0.085, -0.513, 0.2, 2.1, 2.25, 0]
p[0.083, -0.519, 0.2, 2.1, 2.25, 0]
p[0.084, -0.526, 0.2, 2.1, 2.25, 0]
p[0.086, -0.530, 0.2, 2.1, 2.25, 0]
p[0.090, -0.534, 0.2, 2.1, 2.25, 0]
p[0.095, -0.534, 0.2, 2.1, 2.25, 0]
p[0.099, -0.531, 0.2, 2.1, 2.25, 0]
p[0.101, -0.527, 0.2, 2.1, 2.25, 0]
p[0.102, -0.516, 0.2, 2.1, 2.25, 0]
p[0.101, -0.512, 0.2, 2.1, 2.25, 0]
p[0.098, -0.508, 0.2, 2.1, 2.25, 0]
p[0.066, -0.514, 0.2, 2.1, 2.25, 0]
p[0.066, -0.513, 0.2, 2.1, 2.25, 0]
p[0.063, -0.509, 0.2, 2.1, 2.25, 0]
p[0.060, -0.506, 0.2, 2.1, 2.25, 0]
p[0.056, -0.506, 0.2, 2.1, 2.25, 0]
p[0.053, -0.507, 0.2, 2.1, 2.25, 0]
p[0.050, -0.511, 0.2, 2.1, 2.25, 0]
p[0.049, -0.515, 0.2, 2.1, 2.25, 0]
p[0.049, -0.524, 0.2, 2.1, 2.25, 0]
p[0.050, -0.529, 0.2, 2.1, 2.25, 0]
p[0.052, -0.533, 0.2, 2.1, 2.25, 0]
p[0.057, -0.536, 0.2, 2.1, 2.25, 0]
p[0.062, -0.534, 0.2, 2.1, 2.25, 0]
p[0.065, -0.530, 0.2, 2.1, 2.25, 0]
p[0.066, -0.526, 0.2, 2.1, 2.25, 0]
p[0.074, -0.546, 0.2, 2.1, 2.25, 0]
p[0.078, -0.546, 0.2, 2.1, 2.25, 0]
p[0.083, -0.547, 0.2, 2.1, 2.25, 0]
p[0.087, -0.550, 0.2, 2.1, 2.25, 0]
p[0.086, -0.554, 0.2, 2.1, 2.25, 0]
p[0.082, -0.555, 0.2, 2.1, 2.25, 0]
p[0.077, -0.556, 0.2, 2.1, 2.25, 0]
p[0.073, -0.556, 0.2, 2.1, 2.25, 0]
p[0.068, -0.555, 0.2, 2.1, 2.25, 0]
p[0.063, -0.552, 0.2, 2.1, 2.25, 0]
p[0.065, -0.548, 0.2, 2.1, 2.25, 0]
p[0.070, -0.546, 0.2, 2.1, 2.25, 0]
p[0.068, -0.563, 0.2, 2.1, 2.25, 0]
p[0.064, -0.563, 0.2, 2.1, 2.25, 0]
p[0.058, -0.562, 0.2, 2.1, 2.25, 0]
p[0.054, -0.562, 0.2, 2.1, 2.25, 0]
p[0.050, -0.562, 0.2, 2.1, 2.25, 0]
p[0.048, -0.562, 0.2, 2.1, 2.25, 0]
p[0.052, -0.566, 0.2, 2.1, 2.25, 0]
p[0.056, -0.569, 0.2, 2.1, 2.25, 0]
p[0.060, -0.571, 0.2, 2.1, 2.25, 0]
p[0.065, -0.574, 0.2, 2.1, 2.25, 0]
p[0.070, -0.577, 0.2, 2.1, 2.25, 0]
p[0.075, -0.578, 0.2, 2.1, 2.25, 0]
p[0.080, -0.577, 0.2, 2.1, 2.25, 0]
p[0.084, -0.575, 0.2, 2.1, 2.25, 0]
p[0.088, -0.573, 0.2, 2.1, 2.25, 0]
p[0.092, -0.570, 0.2, 2.1, 2.25, 0]
p[0.095, -0.567, 0.2, 2.1, 2.25, 0]
p[0.099, -0.564, 0.2, 2.1, 2.25, 0]
p[0.103, -0.561, 0.2, 2.1, 2.25, 0]
p[0.101, -0.558, 0.2, 2.1, 2.25, 0]
p[0.095, -0.560, 0.2, 2.1, 2.25, 0]
p[0.090, -0.562, 0.2, 2.1, 2.25, 0]
p[0.084, -0.562, 0.2, 2.1, 2.25, 0]
p[0.078, -0.563, 0.2, 2.1, 2.25, 0]
p[0.074, -0.563, 0.2, 2.1, 2.25, 0]
p[0.044, -0.560, 0.2, 2.1, 2.25, 0]
p[0.157, -0.496, 0.2, 2.1, 2.25, 0]
p[0.162, -0.494, 0.2, 2.1, 2.25, 0]
p[0.166, -0.490, 0.2, 2.1, 2.25, 0]
p[0.169, -0.488, 0.2, 2.1, 2.25, 0]
p[0.171, -0.485, 0.2, 2.1, 2.25, 0]
p[0.174, -0.481, 0.2, 2.1, 2.25, 0]
p[0.177, -0.475, 0.2, 2.1, 2.25, 0]
p[0.178, -0.471, 0.2, 2.1, 2.25, 0]
p[0.178, -0.466, 0.2, 2.1, 2.25, 0]
p[0.178, -0.458, 0.2, 2.1, 2.25, 0]
p[0.178, -0.453, 0.2, 2.1, 2.25, 0]
p[0.175, -0.447, 0.2, 2.1, 2.25, 0]
p[0.173, -0.442, 0.2, 2.1, 2.25, 0]
p[0.170, -0.438, 0.2, 2.1, 2.25, 0]
p[0.166, -0.434, 0.2, 2.1, 2.25, 0]
p[0.162, -0.432, 0.2, 2.1, 2.25, 0]
p[0.158, -0.430, 0.2, 2.1, 2.25, 0]
p[0.154, -0.428, 0.2, 2.1, 2.25, 0]
p[0, -0.6, 0.2, 2.1, 2.25, 0]
